546206506
817494367
326172130
556308069
038079011
655743782
361964234
016848160
607475269
545320682
73463739X
52451559X
519813847
526150602
130408131
258857293
655936998
570963818
623039559
022288864
214639118
648839222
588455776
336689209
642995087
544888480
56220850X
54470763X
776437445
68398523X
267767706
66553180X
796831009
682518719
544704398
786462469
657508128
306710803
526625945
648848620
391713361
029113032
589621475
615848656
623294559
379280361
613901940
325159726
817733906
500101760
76824496X
321632095
571352588
195812395
460025996
715037412
130229830
689620861
834230151
800119347
315839821
026986604
470888520
321088832
524231184
373453507
353287717
750920149
519771850
545102286
229071627
30831705X
354308858
352650826
317924907
476133688
613934784
365981206
731446054
797007040
354436414
026583518
302206124
05043098X
648853683
38817918X
731293169
494489863
340559330
03141253X
56634646X
185155235
02751434X
324233957
331535971
611458373
567084205
39244609X
231150067
778613747
